104.515924,105.9094697,107.3030154,108.696561,110.0901067,111.4836523,112.877198,114.2707436,115.6642893,117.0578349,118.4513806,119.8449262,121.2384719,122.6320175,124.0255632,125.4191089,130.9932915,136.5674741,142.1416567,147.7158393,153.2900219,158.8642046,164.4383872,170.0125698,175.5867524,181.160935,186.7351176,192.3093002,197.8834829,203.4576655,209.0318481,214.6060307,220.1802133,225.7543959,231.3285786,236.9027612,242.4769438,248.0511264,253.625309,259.1994916,264.7736743,270.3478569,275.9220395,281.4962221,287.0704047,292.6445873,287.0704047,281.4962221,275.9220395,270.3478569,264.7736743,259.1994916,253.625309,248.0511264,242.4769438,236.9027612,231.3285786,225.7543959,220.1802133,214.6060307,209.0318481,203.4576655,197.8834829,192.3093002,186.7351176,181.160935,175.5867524,170.0125698,164.4383872,158.8642046,153.2900219,147.7158393,142.1416567,136.5674741,130.9932915,125.4191089,124.0255632,122.6320175,121.2384719,119.8449262,118.4513806,117.0578349,115.6642893,114.2707436,112.877198,111.4836523,110.0901067,108.696561,107.3030154,105.9094697,104.515924
105.9094697,107.7675306,109.6255914,111.4836523,113.3417132,115.1997741,117.0578349,118.9158958,120.7739567,122.6320175,124.4900784,126.3481393,128.2062002,130.064261,131.9223219,133.7803828,140.0048867,146.2293906,152.4538945,158.6783985,164.9029024,171.1274063,177.3519102,183.5764141,189.8009181,196.025422,202.2499259,208.4744298,214.6989338,220.9234377,227.1479416,232.7221242,238.2963068,243.8704894,249.4446721,255.0188547,260.5930373,266.1672199,271.7414025,277.3155851,282.8897678,288.4639504,294.038133,299.6123156,305.1864982,310.7606808,305.1864982,299.6123156,294.038133,288.4639504,282.8897678,277.3155851,271.7414025,266.1672199,260.5930373,255.0188547,249.4446721,243.8704894,238.2963068,232.7221242,227.1479416,220.9234377,214.6989338,208.4744298,202.2499259,196.025422,189.8009181,183.5764141,177.3519102,171.1274063,164.9029024,158.6783985,152.4538945,146.2293906,140.0048867,133.7803828,131.9223219,130.064261,128.2062002,126.3481393,124.4900784,122.6320175,120.7739567,118.9158958,117.0578349,115.1997741,113.3417132,111.4836523,109.6255914,107.7675306,105.9094697
107.3030154,109.6255914,111.9481675,114.2707436,116.5933197,118.9158958,121.2384719,123.561048,125.8836241,128.2062002,130.5287763,132.8513523,135.1739284,137.4965045,139.8190806,142.1416567,149.0164819,155.8913072,162.7661324,169.6409576,176.5157828,183.3906081,190.2654333,197.1402585,204.0150837,210.889909,217.7647342,224.6395594,231.5143846,238.3892099,245.2640351,250.8382177,256.4124003,261.9865829,267.5607656,273.1349482,278.7091308,284.2833134,289.857496,295.4316786,301.0058613,306.5800439,312.1542265,317.7284091,323.3025917,328.8767743,323.3025917,317.7284091,312.1542265,306.5800439,301.0058613,295.4316786,289.857496,284.2833134,278.7091308,273.1349482,267.5607656,261.9865829,256.4124003,250.8382177,245.2640351,238.3892099,231.5143846,224.6395594,217.7647342,210.889909,204.0150837,197.1402585,190.2654333,183.3906081,176.5157828,169.6409576,162.7661324,155.8913072,149.0164819,142.1416567,139.8190806,137.4965045,135.1739284,132.8513523,130.5287763,128.2062002,125.8836241,123.561048,121.2384719,118.9158958,116.5933197,114.2707436,111.9481675,109.6255914,107.3030154
108.696561,111.4836523,114.2707436,117.0578349,119.8449262,122.6320175,125.4191089,128.2062002,130.9932915,133.7803828,136.5674741,139.3545654,142.1416567,144.928748,147.7158393,150.5029306,158.0280772,165.5532237,173.0783702,180.6035168,188.1286633,195.6538098,203.1789563,210.7041029,218.2292494,225.7543959,233.2795425,240.804689,248.3298355,255.8549821,263.3801286,268.9543112,274.5284938,280.1026764,285.6768591,291.2510417,296.8252243,302.3994069,307.9735895,313.5477721,319.1219548,324.6961374,330.27032,335.8445026,341.4186852,346.9928678,341.4186852,335.8445026,330.27032,324.6961374,319.1219548,313.5477721,307.9735895,302.3994069,296.8252243,291.2510417,285.6768591,280.1026764,274.5284938,268.9543112,263.3801286,255.8549821,248.3298355,240.804689,233.2795425,225.7543959,218.2292494,210.7041029,203.1789563,195.6538098,188.1286633,180.6035168,173.0783702,165.5532237,158.0280772,150.5029306,147.7158393,144.928748,142.1416567,139.3545654,136.5674741,133.7803828,130.9932915,128.2062002,125.4191089,122.6320175,119.8449262,117.0578349,114.2707436,111.4836523,108.696561
110.0901067,113.3417132,116.5933197,119.8449262,123.0965328,126.3481393,129.5997458,132.8513523,136.1029589,139.3545654,142.6061719,145.8577784,149.109385,152.3609915,155.612598,158.8642046,167.0396724,175.2151402,183.3906081,191.5660759,199.7415437,207.9170116,216.0924794,224.2679472,232.4434151,240.6188829,248.7943508,256.9698186,265.1452864,273.3207543,281.4962221,287.0704047,292.6445873,298.2187699,303.7929526,309.3671352,314.9413178,320.5155004,326.089683,331.6638656,337.2380483,342.8122309,348.3864135,353.9605961,359.5347787,365.1089613,359.5347787,353.9605961,348.3864135,342.8122309,337.2380483,331.6638656,326.089683,320.5155004,314.9413178,309.3671352,303.7929526,298.2187699,292.6445873,287.0704047,281.4962221,273.3207543,265.1452864,256.9698186,248.7943508,240.6188829,232.4434151,224.2679472,216.0924794,207.9170116,199.7415437,191.5660759,183.3906081,175.2151402,167.0396724,158.8642046,155.612598,152.3609915,149.109385,145.8577784,142.6061719,139.3545654,136.1029589,132.8513523,129.5997458,126.3481393,123.0965328,119.8449262,116.5933197,113.3417132,110.0901067
111.4836523,115.1997741,118.9158958,122.6320175,126.3481393,130.064261,133.7803828,137.4965045,141.2126263,144.928748,148.6448698,152.3609915,156.0771132,159.793235,163.5093567,167.2254785,176.0512676,184.8770568,193.7028459,202.528635,211.3544242,220.1802133,229.0060025,237.8317916,246.6575807,255.4833699,264.309159,273.1349482,281.9607373,290.7865265,299.6123156,305.1864982,310.7606808,316.3348634,321.9090461,327.4832287,333.0574113,338.6315939,344.2057765,349.7799591,355.3541418,360.9283244,366.502507,372.0766896,377.6508722,383.2250548,377.6508722,372.0766896,366.502507,360.9283244,355.3541418,349.7799591,344.2057765,338.6315939,333.0574113,327.4832287,321.9090461,316.3348634,310.7606808,305.1864982,299.6123156,290.7865265,281.9607373,273.1349482,264.309159,255.4833699,246.6575807,237.8317916,229.0060025,220.1802133,211.3544242,202.528635,193.7028459,184.8770568,176.0512676,167.2254785,163.5093567,159.793235,156.0771132,152.3609915,148.6448698,144.928748,141.2126263,137.4965045,133.7803828,130.064261,126.3481393,122.6320175,118.9158958,115.1997741,111.4836523
112.877198,117.0578349,121.2384719,125.4191089,129.5997458,133.7803828,137.9610197,142.1416567,146.3222937,150.5029306,154.6835676,158.8642046,163.0448415,167.2254785,171.4061154,175.5867524,185.0628628,194.5389733,204.0150837,213.4911942,222.9673046,232.4434151,241.9195255,251.395636,260.8717464,270.3478569,279.8239673,289.3000778,298.7761882,308.2522987,317.7284091,323.3025917,328.8767743,334.4509569,340.0251396,345.5993222,351.1735048,356.7476874,362.32187,367.8960526,373.4702353,379.0444179,384.6186005,390.1927831,395.7669657,401.3411483,395.7669657,390.1927831,384.6186005,379.0444179,373.4702353,367.8960526,362.32187,356.7476874,351.1735048,345.5993222,340.0251396,334.4509569,328.8767743,323.3025917,317.7284091,308.2522987,298.7761882,289.3000778,279.8239673,270.3478569,260.8717464,251.395636,241.9195255,232.4434151,222.9673046,213.4911942,204.0150837,194.5389733,185.0628628,175.5867524,171.4061154,167.2254785,163.0448415,158.8642046,154.6835676,150.5029306,146.3222937,142.1416567,137.9610197,133.7803828,129.5997458,125.4191089,121.2384719,117.0578349,112.877198
114.2707436,118.9158958,123.561048,128.2062002,132.8513523,137.4965045,142.1416567,146.7868089,151.4319611,156.0771132,160.7222654,165.3674176,170.0125698,174.657722,179.3028741,183.9480263,194.0744581,204.2008898,214.3273216,224.4537533,234.5801851,244.7066168,254.8330486,264.9594803,275.0859121,285.2123438,295.3387756,305.4652073,315.5916391,325.7180708,335.8445026,341.4186852,346.9928678,352.5670504,358.1412331,363.7154157,369.2895983,374.8637809,380.4379635,386.0121461,391.5863288,397.1605114,402.734694,408.3088766,413.8830592,419.4572418,413.8830592,408.3088766,402.734694,397.1605114,391.5863288,386.0121461,380.4379635,374.8637809,369.2895983,363.7154157,358.1412331,352.5670504,346.9928678,341.4186852,335.8445026,325.7180708,315.5916391,305.4652073,295.3387756,285.2123438,275.0859121,264.9594803,254.8330486,244.7066168,234.5801851,224.4537533,214.3273216,204.2008898,194.0744581,183.9480263,179.3028741,174.657722,170.0125698,165.3674176,160.7222654,156.0771132,151.4319611,146.7868089,142.1416567,137.4965045,132.8513523,128.2062002,123.561048,118.9158958,114.2707436
115.6642893,120.7739567,125.8836241,130.9932915,136.1029589,141.2126263,146.3222937,151.4319611,156.5416285,161.6512959,166.7609633,171.8706307,176.9802981,182.0899654,187.1996328,192.3093002,203.0860533,213.8628064,224.6395594,235.4163125,246.1930655,256.9698186,267.7465716,278.5233247,289.3000778,300.0768308,310.8535839,321.6303369,332.40709,343.183843,353.9605961,359.5347787,365.1089613,370.683144,376.2573266,381.8315092,387.4056918,392.9798744,398.554057,404.1282396,409.7024223,415.2766049,420.8507875,426.4249701,431.9991527,437.5733353,431.9991527,426.4249701,420.8507875,415.2766049,409.7024223,404.1282396,398.554057,392.9798744,387.4056918,381.8315092,376.2573266,370.683144,365.1089613,359.5347787,353.9605961,343.183843,332.40709,321.6303369,310.8535839,300.0768308,289.3000778,278.5233247,267.7465716,256.9698186,246.1930655,235.4163125,224.6395594,213.8628064,203.0860533,192.3093002,187.1996328,182.0899654,176.9802981,171.8706307,166.7609633,161.6512959,156.5416285,151.4319611,146.3222937,141.2126263,136.1029589,130.9932915,125.8836241,120.7739567,115.6642893
117.0578349,122.6320175,128.2062002,133.7803828,139.3545654,144.928748,150.5029306,156.0771132,161.6512959,167.2254785,172.7996611,178.3738437,183.9480263,189.5222089,195.0963916,200.6705742,212.0976485,223.5247229,234.9517973,246.3788716,257.805946,269.2330203,280.6600947,292.0871691,303.5142434,314.9413178,326.3683922,337.7954665,349.2225409,360.6496152,372.0766896,377.6508722,383.2250548,388.7992375,394.3734201,399.9476027,405.5217853,411.0959679,416.6701505,422.2443331,427.8185158,433.3926984,438.966881,444.5410636,450.1152462,455.6894288,450.1152462,444.5410636,438.966881,433.3926984,427.8185158,422.2443331,416.6701505,411.0959679,405.5217853,399.9476027,394.3734201,388.7992375,383.2250548,377.6508722,372.0766896,360.6496152,349.2225409,337.7954665,326.3683922,314.9413178,303.5142434,292.0871691,280.6600947,269.2330203,257.805946,246.3788716,234.9517973,223.5247229,212.0976485,200.6705742,195.0963916,189.5222089,183.9480263,178.3738437,172.7996611,167.2254785,161.6512959,156.0771132,150.5029306,144.928748,139.3545654,133.7803828,128.2062002,122.6320175,117.0578349
118.4513806,124.4900784,130.5287763,136.5674741,142.6061719,148.6448698,154.6835676,160.7222654,166.7609633,172.7996611,178.8383589,184.8770568,190.9157546,196.9544524,202.9931503,209.0318481,221.1092438,233.1866394,245.2640351,257.3414308,269.4188264,281.4962221,293.5736178,305.6510134,317.7284091,329.8058048,341.8832004,353.9605961,366.0379918,378.1153874,390.1927831,395.7669657,401.3411483,406.915331,412.4895136,418.0636962,423.6378788,429.2120614,434.786244,440.3604266,445.9346093,451.5087919,457.0829745,462.6571571,468.2313397,473.8055223,468.2313397,462.6571571,457.0829745,451.5087919,445.9346093,440.3604266,434.786244,429.2120614,423.6378788,418.0636962,412.4895136,406.915331,401.3411483,395.7669657,390.1927831,378.1153874,366.0379918,353.9605961,341.8832004,329.8058048,317.7284091,305.6510134,293.5736178,281.4962221,269.4188264,257.3414308,245.2640351,233.1866394,221.1092438,209.0318481,202.9931503,196.9544524,190.9157546,184.8770568,178.8383589,172.7996611,166.7609633,160.7222654,154.6835676,148.6448698,142.6061719,136.5674741,130.5287763,124.4900784,118.4513806
119.8449262,126.3481393,132.8513523,139.3545654,145.8577784,152.3609915,158.8642046,165.3674176,171.8706307,178.3738437,184.8770568,191.3802698,197.8834829,204.3866959,210.889909,217.393122,230.120839,242.848556,255.5762729,268.3039899,281.0317069,293.7594239,306.4871408,319.2148578,331.9425748,344.6702917,357.3980087,370.1257257,382.8534427,395.5811596,408.3088766,413.8830592,419.4572418,425.0314245,430.6056071,436.1797897,441.7539723,447.3281549,452.9023375,458.4765201,464.0507028,469.6248854,475.199068,480.7732506,486.3474332,491.9216158,486.3474332,480.7732506,475.199068,469.6248854,464.0507028,458.4765201,452.9023375,447.3281549,441.7539723,436.1797897,430.6056071,425.0314245,419.4572418,413.8830592,408.3088766,395.5811596,382.8534427,370.1257257,357.3980087,344.6702917,331.9425748,319.2148578,306.4871408,293.7594239,281.0317069,268.3039899,255.5762729,242.848556,230.120839,217.393122,210.889909,204.3866959,197.8834829,191.3802698,184.8770568,178.3738437,171.8706307,165.3674176,158.8642046,152.3609915,145.8577784,139.3545654,132.8513523,126.3481393,119.8449262
121.2384719,128.2062002,135.1739284,142.1416567,149.109385,156.0771132,163.0448415,170.0125698,176.9802981,183.9480263,190.9157546,197.8834829,204.8512111,211.8189394,218.7866677,225.7543959,239.1324342,252.5104725,265.8885108,279.2665491,292.6445873,306.0226256,319.4006639,332.7787022,346.1567404,359.5347787,372.912817,386.2908553,399.6688936,413.0469318,426.4249701,431.9991527,437.5733353,443.147518,448.7217006,454.2958832,459.8700658,465.4442484,471.018431,476.5926137,482.1667963,487.7409789,493.3151615,498.8893441,504.4635267,510.0377093,504.4635267,498.8893441,493.3151615,487.7409789,482.1667963,476.5926137,471.018431,465.4442484,459.8700658,454.2958832,448.7217006,443.147518,437.5733353,431.9991527,426.4249701,413.0469318,399.6688936,386.2908553,372.912817,359.5347787,346.1567404,332.7787022,319.4006639,306.0226256,292.6445873,279.2665491,265.8885108,252.5104725,239.1324342,225.7543959,218.7866677,211.8189394,204.8512111,197.8834829,190.9157546,183.9480263,176.9802981,170.0125698,163.0448415,156.0771132,149.109385,142.1416567,135.1739284,128.2062002,121.2384719
122.6320175,130.064261,137.4965045,144.928748,152.3609915,159.793235,167.2254785,174.657722,182.0899654,189.5222089,196.9544524,204.3866959,211.8189394,219.2511829,226.6834264,234.1156699,248.1440294,262.172389,276.2007486,290.2291082,304.2574678,318.2858274,332.3141869,346.3425465,360.3709061,374.3992657,388.4276253,402.4559849,416.4843444,430.512704,444.5410636,450.1152462,455.6894288,461.2636115,466.8377941,472.4119767,477.9861593,483.5603419,489.1345245,494.7087072,500.2828898,505.8570724,511.431255,517.0054376,522.5796202,528.1538028,522.5796202,517.0054376,511.431255,505.8570724,500.2828898,494.7087072,489.1345245,483.5603419,477.9861593,472.4119767,466.8377941,461.2636115,455.6894288,450.1152462,444.5410636,430.512704,416.4843444,402.4559849,388.4276253,374.3992657,360.3709061,346.3425465,332.3141869,318.2858274,304.2574678,290.2291082,276.2007486,262.172389,248.1440294,234.1156699,226.6834264,219.2511829,211.8189394,204.3866959,196.9544524,189.5222089,182.0899654,174.657722,167.2254785,159.793235,152.3609915,144.928748,137.4965045,130.064261,122.6320175
124.0255632,131.9223219,139.8190806,147.7158393,155.612598,163.5093567,171.4061154,179.3028741,187.1996328,195.0963916,202.9931503,210.889909,218.7866677,226.6834264,234.5801851,242.4769438,257.1556247,271.8343056,286.5129865,301.1916673,315.8703482,330.5490291,345.22771,359.9063909,374.5850718,389.2637527,403.9424336,418.6211144,433.2997953,447.9784762,462.6571571,468.2313397,473.8055223,479.379705,484.9538876,490.5280702,496.1022528,501.6764354,507.250618,512.8248007,518.3989833,523.9731659,529.5473485,535.1215311,540.6957137,546.2698963,540.6957137,535.1215311,529.5473485,523.9731659,518.3989833,512.8248007,507.250618,501.6764354,496.1022528,490.5280702,484.9538876,479.379705,473.8055223,468.2313397,462.6571571,447.9784762,433.2997953,418.6211144,403.9424336,389.2637527,374.5850718,359.9063909,345.22771,330.5490291,315.8703482,301.1916673,286.5129865,271.8343056,257.1556247,242.4769438,234.5801851,226.6834264,218.7866677,210.889909,202.9931503,195.0963916,187.1996328,179.3028741,171.4061154,163.5093567,155.612598,147.7158393,139.8190806,131.9223219,124.0255632
125.4191089,133.7803828,142.1416567,150.5029306,158.8642046,167.2254785,175.5867524,183.9480263,192.3093002,200.6705742,209.0318481,217.393122,225.7543959,234.1156699,242.4769438,250.8382177,266.1672199,281.4962221,296.8252243,312.1542265,327.4832287,342.8122309,358.1412331,373.4702353,388.7992375,404.1282396,419.4572418,434.786244,450.1152462,465.4442484,480.7732506,486.3474332,491.9216158,497.4957985,503.0699811,508.6441637,514.2183463,519.7925289,525.3667115,530.9408942,536.5150768,542.0892594,547.663442,553.2376246,558.8118072,564.3859898,558.8118072,553.2376246,547.663442,542.0892594,536.5150768,530.9408942,525.3667115,519.7925289,514.2183463,508.6441637,503.0699811,497.4957985,491.9216158,486.3474332,480.7732506,465.4442484,450.1152462,434.786244,419.4572418,404.1282396,388.7992375,373.4702353,358.1412331,342.8122309,327.4832287,312.1542265,296.8252243,281.4962221,266.1672199,250.8382177,242.4769438,234.1156699,225.7543959,217.393122,209.0318481,200.6705742,192.3093002,183.9480263,175.5867524,167.2254785,158.8642046,150.5029306,142.1416567,133.7803828,125.4191089
128.2062002,137.6823106,147.1584211,156.6345315,166.110642,175.5867524,185.0628628,194.5389733,204.0150837,213.4911942,222.9673046,232.4434151,241.9195255,251.395636,260.8717464,270.3478569,287.8136291,305.2794013,322.7451735,340.2109457,357.6767178,375.14249,392.6082622,410.0740344,427.5398066,445.0055788,462.471351,479.9371232,497.4028954,514.8686676,532.3344398,556.6750372,581.0156347,605.3562321,629.6968295,654.0374269,678.3780243,702.7186218,727.0592192,751.3998166,775.740414,800.0810115,824.4216089,848.7622063,873.1028037,897.4434011,873.1028037,848.7622063,824.4216089,800.0810115,775.740414,751.3998166,727.0592192,702.7186218,678.3780243,654.0374269,629.6968295,605.3562321,581.0156347,556.6750372,532.3344398,514.8686676,497.4028954,479.9371232,462.471351,445.0055788,427.5398066,410.0740344,392.6082622,375.14249,357.6767178,340.2109457,322.7451735,305.2794013,287.8136291,270.3478569,260.8717464,251.395636,241.9195255,232.4434151,222.9673046,213.4911942,204.0150837,194.5389733,185.0628628,175.5867524,166.110642,156.6345315,147.1584211,137.6823106,128.2062002
130.9932915,141.5842384,152.1751854,162.7661324,173.3570794,183.9480263,194.5389733,205.1299203,215.7208672,226.3118142,236.9027612,247.4937081,258.0846551,268.6756021,279.2665491,289.857496,309.4600382,329.0625804,348.6651226,368.2676648,387.870207,407.4727492,427.0752914,446.6778336,466.2803758,485.882918,505.4854602,525.0880024,544.6905446,564.2930868,583.895629,627.0026412,670.1096535,713.2166657,756.3236779,799.4306901,842.5377024,885.6447146,928.7517268,971.8587391,1014.965751,1058.072764,1101.179776,1144.286788,1187.3938,1230.500812,1187.3938,1144.286788,1101.179776,1058.072764,1014.965751,971.8587391,928.7517268,885.6447146,842.5377024,799.4306901,756.3236779,713.2166657,670.1096535,627.0026412,583.895629,564.2930868,544.6905446,525.0880024,505.4854602,485.882918,466.2803758,446.6778336,427.0752914,407.4727492,387.870207,368.2676648,348.6651226,329.0625804,309.4600382,289.857496,279.2665491,268.6756021,258.0846551,247.4937081,236.9027612,226.3118142,215.7208672,205.1299203,194.5389733,183.9480263,173.3570794,162.7661324,152.1751854,141.5842384,130.9932915
133.7803828,145.4861663,157.1919498,168.8977333,180.6035168,192.3093002,204.0150837,215.7208672,227.4266507,239.1324342,250.8382177,262.5440012,274.2497847,285.9555682,297.6613517,309.3671352,331.1064474,352.8457596,374.5850718,396.324384,418.0636962,439.8030084,461.5423206,483.2816328,505.020945,526.7602572,548.4995694,570.2388816,591.9781938,613.717506,635.4568182,697.3302452,759.2036723,821.0770993,882.9505263,944.8239534,1006.69738,1068.570807,1130.444234,1192.317662,1254.191089,1316.064516,1377.937943,1439.81137,1501.684797,1563.558224,1501.684797,1439.81137,1377.937943,1316.064516,1254.191089,1192.317662,1130.444234,1068.570807,1006.69738,944.8239534,882.9505263,821.0770993,759.2036723,697.3302452,635.4568182,613.717506,591.9781938,570.2388816,548.4995694,526.7602572,505.020945,483.2816328,461.5423206,439.8030084,418.0636962,396.324384,374.5850718,352.8457596,331.1064474,309.3671352,297.6613517,285.9555682,274.2497847,262.5440012,250.8382177,239.1324342,227.4266507,215.7208672,204.0150837,192.3093002,180.6035168,168.8977333,157.1919498,145.4861663,133.7803828
136.5674741,149.3880941,162.2087141,175.0293341,187.8499542,200.6705742,213.4911942,226.3118142,239.1324342,251.9530542,264.7736743,277.5942943,290.4149143,303.2355343,316.0561543,328.8767743,352.7528565,376.6289387,400.5050209,424.3811031,448.2571854,472.1332676,496.0093498,519.885432,543.7615142,567.6375964,591.5136786,615.3897608,639.265843,663.1419252,687.0180074,767.6578492,848.2976911,928.9375329,1009.577375,1090.217217,1170.857058,1251.4969,1332.136742,1412.776584,1493.416426,1574.056268,1654.696109,1735.335951,1815.975793,1896.615635,1815.975793,1735.335951,1654.696109,1574.056268,1493.416426,1412.776584,1332.136742,1251.4969,1170.857058,1090.217217,1009.577375,928.9375329,848.2976911,767.6578492,687.0180074,663.1419252,639.265843,615.3897608,591.5136786,567.6375964,543.7615142,519.885432,496.0093498,472.1332676,448.2571854,424.3811031,400.5050209,376.6289387,352.7528565,328.8767743,316.0561543,303.2355343,290.4149143,277.5942943,264.7736743,251.9530542,239.1324342,226.3118142,213.4911942,200.6705742,187.8499542,175.0293341,162.2087141,149.3880941,136.5674741
139.3545654,153.2900219,167.2254785,181.160935,195.0963916,209.0318481,222.9673046,236.9027612,250.8382177,264.7736743,278.7091308,292.6445873,306.5800439,320.5155004,334.4509569,348.3864135,374.3992657,400.4121179,426.4249701,452.4378223,478.4506745,504.4635267,530.4763789,556.4892311,582.5020834,608.5149356,634.5277878,660.54064,686.5534922,712.5663444,738.5791966,837.9854532,937.3917099,1036.797967,1136.204223,1235.61048,1335.016736,1434.422993,1533.82925,1633.235506,1732.641763,1832.04802,1931.454276,2030.860533,2130.26679,2229.673046,2130.26679,2030.860533,1931.454276,1832.04802,1732.641763,1633.235506,1533.82925,1434.422993,1335.016736,1235.61048,1136.204223,1036.797967,937.3917099,837.9854532,738.5791966,712.5663444,686.5534922,660.54064,634.5277878,608.5149356,582.5020834,556.4892311,530.4763789,504.4635267,478.4506745,452.4378223,426.4249701,400.4121179,374.3992657,348.3864135,334.4509569,320.5155004,306.5800439,292.6445873,278.7091308,264.7736743,250.8382177,236.9027612,222.9673046,209.0318481,195.0963916,181.160935,167.2254785,153.2900219,139.3545654
142.1416567,157.1919498,172.2422428,187.2925359,202.342829,217.393122,232.4434151,247.4937081,262.5440012,277.5942943,292.6445873,307.6948804,322.7451735,337.7954665,352.8457596,367.8960526,396.0456749,424.1952971,452.3449193,480.4945415,508.6441637,536.7937859,564.9434081,593.0930303,621.2426525,649.3922747,677.541897,705.6915192,733.8411414,761.9907636,790.1403858,908.3130572,1026.485729,1144.6584,1262.831072,1381.003743,1499.176415,1617.349086,1735.521757,1853.694429,1971.8671,2090.039772,2208.212443,2326.385115,2444.557786,2562.730458,2444.557786,2326.385115,2208.212443,2090.039772,1971.8671,1853.694429,1735.521757,1617.349086,1499.176415,1381.003743,1262.831072,1144.6584,1026.485729,908.3130572,790.1403858,761.9907636,733.8411414,705.6915192,677.541897,649.3922747,621.2426525,593.0930303,564.9434081,536.7937859,508.6441637,480.4945415,452.3449193,424.1952971,396.0456749,367.8960526,352.8457596,337.7954665,322.7451735,307.6948804,292.6445873,277.5942943,262.5440012,247.4937081,232.4434151,217.393122,202.342829,187.2925359,172.2422428,157.1919498,142.1416567
144.928748,161.0938776,177.2590072,193.4241368,209.5892664,225.7543959,241.9195255,258.0846551,274.2497847,290.4149143,306.5800439,322.7451735,338.910303,355.0754326,371.2405622,387.4056918,417.692084,447.9784762,478.2648684,508.5512606,538.8376529,569.1240451,599.4104373,629.6968295,659.9832217,690.2696139,720.5560061,750.8423983,781.1287906,811.4151828,841.701575,978.6406612,1115.579748,1252.518834,1389.45792,1526.397006,1663.336093,1800.275179,1937.214265,2074.153351,2211.092438,2348.031524,2484.97061,2621.909696,2758.848783,2895.787869,2758.848783,2621.909696,2484.97061,2348.031524,2211.092438,2074.153351,1937.214265,1800.275179,1663.336093,1526.397006,1389.45792,1252.518834,1115.579748,978.6406612,841.701575,811.4151828,781.1287906,750.8423983,720.5560061,690.2696139,659.9832217,629.6968295,599.4104373,569.1240451,538.8376529,508.5512606,478.2648684,447.9784762,417.692084,387.4056918,371.2405622,355.0754326,338.910303,322.7451735,306.5800439,290.4149143,274.2497847,258.0846551,241.9195255,225.7543959,209.5892664,193.4241368,177.2590072,161.0938776,144.928748
147.7158393,164.9958054,182.2757715,199.5557376,216.8357038,234.1156699,251.395636,268.6756021,285.9555682,303.2355343,320.5155004,337.7954665,355.0754326,372.3553987,389.6353648,406.915331,439.3384932,471.7616554,504.1848176,536.6079798,569.031142,601.4543042,633.8774665,666.3006287,698.7237909,731.1469531,763.5701153,795.9932775,828.4164398,860.839602,893.2627642,1048.968265,1204.673766,1360.379267,1516.084768,1671.79027,1827.495771,1983.201272,2138.906773,2294.612274,2450.317775,2606.023276,2761.728777,2917.434278,3073.139779,3228.84528,3073.139779,2917.434278,2761.728777,2606.023276,2450.317775,2294.612274,2138.906773,1983.201272,1827.495771,1671.79027,1516.084768,1360.379267,1204.673766,1048.968265,893.2627642,860.839602,828.4164398,795.9932775,763.5701153,731.1469531,698.7237909,666.3006287,633.8774665,601.4543042,569.031142,536.6079798,504.1848176,471.7616554,439.3384932,406.915331,389.6353648,372.3553987,355.0754326,337.7954665,320.5155004,303.2355343,285.9555682,268.6756021,251.395636,234.1156699,216.8357038,199.5557376,182.2757715,164.9958054,147.7158393
150.5029306,168.8977333,187.2925359,205.6873385,224.0821412,242.4769438,260.8717464,279.2665491,297.6613517,316.0561543,334.4509569,352.8457596,371.2405622,389.6353648,408.0301675,426.4249701,460.9849023,495.5448345,530.1047668,564.664699,599.2246312,633.7845634,668.3444956,702.9044279,737.4643601,772.0242923,806.5842245,841.1441567,875.7040889,910.2640212,944.8239534,1119.295869,1293.767785,1468.239701,1642.711617,1817.183533,1991.655449,2166.127364,2340.59928,2515.071196,2689.543112,2864.015028,3038.486944,3212.95886,3387.430776,3561.902691,3387.430776,3212.95886,3038.486944,2864.015028,2689.543112,2515.071196,2340.59928,2166.127364,1991.655449,1817.183533,1642.711617,1468.239701,1293.767785,1119.295869,944.8239534,910.2640212,875.7040889,841.1441567,806.5842245,772.0242923,737.4643601,702.9044279,668.3444956,633.7845634,599.2246312,564.664699,530.1047668,495.5448345,460.9849023,426.4249701,408.0301675,389.6353648,371.2405622,352.8457596,334.4509569,316.0561543,297.6613517,279.2665491,260.8717464,242.4769438,224.0821412,205.6873385,187.2925359,168.8977333,150.5029306
153.2900219,172.7996611,192.3093002,211.8189394,231.3285786,250.8382177,270.3478569,289.857496,309.3671352,328.8767743,348.3864135,367.8960526,387.4056918,406.915331,426.4249701,445.9346093,482.6313115,519.3280137,556.0247159,592.7214181,629.4181204,666.1148226,702.8115248,739.508227,776.2049292,812.9016315,849.5983337,886.2950359,922.9917381,959.6884404,996.3851426,1189.623473,1382.861804,1576.100135,1769.338465,1962.576796,2155.815127,2349.053457,2542.291788,2735.530119,2928.768449,3122.00678,3315.245111,3508.483441,3701.721772,3894.960103,3701.721772,3508.483441,3315.245111,3122.00678,2928.768449,2735.530119,2542.291788,2349.053457,2155.815127,1962.576796,1769.338465,1576.100135,1382.861804,1189.623473,996.3851426,959.6884404,922.9917381,886.2950359,849.5983337,812.9016315,776.2049292,739.508227,702.8115248,666.1148226,629.4181204,592.7214181,556.0247159,519.3280137,482.6313115,445.9346093,426.4249701,406.915331,387.4056918,367.8960526,348.3864135,328.8767743,309.3671352,289.857496,270.3478569,250.8382177,231.3285786,211.8189394,192.3093002,172.7996611,153.2900219
156.0771132,176.7015889,197.3260646,217.9505403,238.575016,259.1994916,279.8239673,300.448443,321.0729187,341.6973943,362.32187,382.9463457,403.5708214,424.1952971,444.8197727,465.4442484,504.2777206,543.1111929,581.9446651,620.7781373,659.6116095,698.4450818,737.278554,776.1120262,814.9454984,853.7789707,892.6124429,931.4459151,970.2793873,1009.11286,1047.946332,1259.951077,1471.955823,1683.960568,1895.965314,2107.970059,2319.974805,2531.97955,2743.984296,2955.989041,3167.993787,3379.998532,3592.003278,3804.008023,4016.012769,4228.017514,4016.012769,3804.008023,3592.003278,3379.998532,3167.993787,2955.989041,2743.984296,2531.97955,2319.974805,2107.970059,1895.965314,1683.960568,1471.955823,1259.951077,1047.946332,1009.11286,970.2793873,931.4459151,892.6124429,853.7789707,814.9454984,776.1120262,737.278554,698.4450818,659.6116095,620.7781373,581.9446651,543.1111929,504.2777206,465.4442484,444.8197727,424.1952971,403.5708214,382.9463457,362.32187,341.6973943,321.0729187,300.448443,279.8239673,259.1994916,238.575016,217.9505403,197.3260646,176.7015889,156.0771132
158.8642046,180.6035168,202.342829,224.0821412,245.8214534,267.5607656,289.3000778,311.03939,332.7787022,354.5180144,376.2573266,397.9966388,419.735951,441.4752632,463.2145754,484.9538876,525.9241298,566.894372,607.8646143,648.8348565,689.8050987,730.7753409,771.7455832,812.7158254,853.6860676,894.6563098,935.6265521,976.5967943,1017.567037,1058.537279,1099.507521,1330.278681,1561.049842,1791.821002,2022.592162,2253.363322,2484.134483,2714.905643,2945.676803,3176.447964,3407.219124,3637.990284,3868.761444,4099.532605,4330.303765,4561.074925,4330.303765,4099.532605,3868.761444,3637.990284,3407.219124,3176.447964,2945.676803,2714.905643,2484.134483,2253.363322,2022.592162,1791.821002,1561.049842,1330.278681,1099.507521,1058.537279,1017.567037,976.5967943,935.6265521,894.6563098,853.6860676,812.7158254,771.7455832,730.7753409,689.8050987,648.8348565,607.8646143,566.894372,525.9241298,484.9538876,463.2145754,441.4752632,419.735951,397.9966388,376.2573266,354.5180144,332.7787022,311.03939,289.3000778,267.5607656,245.8214534,224.0821412,202.342829,180.6035168,158.8642046
161.6512959,184.5054446,207.3595933,230.213742,253.0678908,275.9220395,298.7761882,321.6303369,344.4844857,367.3386344,390.1927831,413.0469318,435.9010806,458.7552293,481.609378,504.4635267,547.570539,590.6775512,633.7845634,676.8915756,719.9985879,763.1056001,806.2126123,849.3196246,892.4266368,935.533649,978.6406612,1021.747673,1064.854686,1107.961698,1151.06871,1400.606285,1650.14386,1899.681435,2149.219011,2398.756586,2648.294161,2897.831736,3147.369311,3396.906886,3646.444461,3895.982036,4145.519611,4395.057186,4644.594762,4894.132337,4644.594762,4395.057186,4145.519611,3895.982036,3646.444461,3396.906886,3147.369311,2897.831736,2648.294161,2398.756586,2149.219011,1899.681435,1650.14386,1400.606285,1151.06871,1107.961698,1064.854686,1021.747673,978.6406612,935.533649,892.4266368,849.3196246,806.2126123,763.1056001,719.9985879,676.8915756,633.7845634,590.6775512,547.570539,504.4635267,481.609378,458.7552293,435.9010806,413.0469318,390.1927831,367.3386344,344.4844857,321.6303369,298.7761882,275.9220395,253.0678908,230.213742,207.3595933,184.5054446,161.6512959
164.4383872,188.4073724,212.3763577,236.3453429,260.3143282,284.2833134,308.2522987,332.2212839,356.1902691,380.1592544,404.1282396,428.0972249,452.0662101,476.0351954,500.0041806,523.9731659,569.2169481,614.4607303,659.7045126,704.9482948,750.192077,795.4358593,840.6796415,885.9234237,931.167206,976.4109882,1021.65477,1066.898553,1112.142335,1157.386117,1202.629899,1470.933889,1739.237879,2007.541869,2275.845859,2544.149849,2812.453839,3080.757829,3349.061819,3617.365809,3885.669798,4153.973788,4422.277778,4690.581768,4958.885758,5227.189748,4958.885758,4690.581768,4422.277778,4153.973788,3885.669798,3617.365809,3349.061819,3080.757829,2812.453839,2544.149849,2275.845859,2007.541869,1739.237879,1470.933889,1202.629899,1157.386117,1112.142335,1066.898553,1021.65477,976.4109882,931.167206,885.9234237,840.6796415,795.4358593,750.192077,704.9482948,659.7045126,614.4607303,569.2169481,523.9731659,500.0041806,476.0351954,452.0662101,428.0972249,404.1282396,380.1592544,356.1902691,332.2212839,308.2522987,284.2833134,260.3143282,236.3453429,212.3763577,188.4073724,164.4383872
167.2254785,192.3093002,217.393122,242.4769438,267.5607656,292.6445873,317.7284091,342.8122309,367.8960526,392.9798744,418.0636962,443.147518,468.2313397,493.3151615,518.3989833,543.482805,590.8633573,638.2439095,685.6244617,733.005014,780.3855662,827.7661184,875.1466707,922.5272229,969.9077751,1017.288327,1064.66888,1112.049432,1159.429984,1206.810536,1254.191089,1541.261493,1828.331898,2115.402303,2402.472707,2689.543112,2976.613517,3263.683922,3550.754326,3837.824731,4124.895136,4411.96554,4699.035945,4986.10635,5273.176755,5560.247159,5273.176755,4986.10635,4699.035945,4411.96554,4124.895136,3837.824731,3550.754326,3263.683922,2976.613517,2689.543112,2402.472707,2115.402303,1828.331898,1541.261493,1254.191089,1206.810536,1159.429984,1112.049432,1064.66888,1017.288327,969.9077751,922.5272229,875.1466707,827.7661184,780.3855662,733.005014,685.6244617,638.2439095,590.8633573,543.482805,518.3989833,493.3151615,468.2313397,443.147518,418.0636962,392.9798744,367.8960526,342.8122309,317.7284091,292.6445873,267.5607656,242.4769438,217.393122,192.3093002,167.2254785
167.2254785,192.3093002,217.393122,242.4769438,267.5607656,292.6445873,317.7284091,342.8122309,367.8960526,392.9798744,418.0636962,443.147518,468.2313397,493.3151615,518.3989833,543.482805,599.8749525,656.2671,712.6592474,769.0513949,825.4435424,881.8356898,938.2278373,994.6199847,1051.012132,1107.40428,1163.796427,1220.188575,1276.580722,1332.97287,1389.365017,1713.968251,2038.571486,2363.17472,2687.777954,3012.381189,3336.984423,3661.587657,3986.190892,4310.794126,4635.39736,4960.000595,5284.603829,5609.207063,5933.810298,6258.413532,5933.810298,5609.207063,5284.603829,4960.000595,4635.39736,4310.794126,3986.190892,3661.587657,3336.984423,3012.381189,2687.777954,2363.17472,2038.571486,1713.968251,1389.365017,1332.97287,1276.580722,1220.188575,1163.796427,1107.40428,1051.012132,994.6199847,938.2278373,881.8356898,825.4435424,769.0513949,712.6592474,656.2671,599.8749525,543.482805,518.3989833,493.3151615,468.2313397,443.147518,418.0636962,392.9798744,367.8960526,342.8122309,317.7284091,292.6445873,267.5607656,242.4769438,217.393122,192.3093002,167.2254785
167.2254785,192.3093002,217.393122,242.4769438,267.5607656,292.6445873,317.7284091,342.8122309,367.8960526,392.9798744,418.0636962,443.147518,468.2313397,493.3151615,518.3989833,543.482805,608.8865477,674.2902904,739.6940331,805.0977758,870.5015185,935.9052612,1001.309004,1066.712747,1132.116489,1197.520232,1262.923975,1328.327717,1393.73146,1459.135203,1524.538945,1886.675009,2248.811073,2610.947137,2973.083201,3335.219265,3697.355329,4059.491393,4421.627457,4783.763521,5145.899585,5508.035649,5870.171713,6232.307777,6594.443841,6956.579905,6594.443841,6232.307777,5870.171713,5508.035649,5145.899585,4783.763521,4421.627457,4059.491393,3697.355329,3335.219265,2973.083201,2610.947137,2248.811073,1886.675009,1524.538945,1459.135203,1393.73146,1328.327717,1262.923975,1197.520232,1132.116489,1066.712747,1001.309004,935.9052612,870.5015185,805.0977758,739.6940331,674.2902904,608.8865477,543.482805,518.3989833,493.3151615,468.2313397,443.147518,418.0636962,392.9798744,367.8960526,342.8122309,317.7284091,292.6445873,267.5607656,242.4769438,217.393122,192.3093002,167.2254785
167.2254785,192.3093002,217.393122,242.4769438,267.5607656,292.6445873,317.7284091,342.8122309,367.8960526,392.9798744,418.0636962,443.147518,468.2313397,493.3151615,518.3989833,543.482805,617.898143,692.3134809,766.7288188,841.1441567,915.5594946,989.9748326,1064.39017,1138.805508,1213.220846,1287.636184,1362.051522,1436.46686,1510.882198,1585.297536,1659.712874,2059.381767,2459.050661,2858.719555,3258.388448,3658.057342,4057.726235,4457.395129,4857.064022,5256.732916,5656.401809,6056.070703,6455.739596,6855.40849,7255.077384,7654.746277,7255.077384,6855.40849,6455.739596,6056.070703,5656.401809,5256.732916,4857.064022,4457.395129,4057.726235,3658.057342,3258.388448,2858.719555,2459.050661,2059.381767,1659.712874,1585.297536,1510.882198,1436.46686,1362.051522,1287.636184,1213.220846,1138.805508,1064.39017,989.9748326,915.5594946,841.1441567,766.7288188,692.3134809,617.898143,543.482805,518.3989833,493.3151615,468.2313397,443.147518,418.0636962,392.9798744,367.8960526,342.8122309,317.7284091,292.6445873,267.5607656,242.4769438,217.393122,192.3093002,167.2254785
167.2254785,192.3093002,217.393122,242.4769438,267.5607656,292.6445873,317.7284091,342.8122309,367.8960526,392.9798744,418.0636962,443.147518,468.2313397,493.3151615,518.3989833,543.482805,626.9097382,710.3366713,793.7636045,877.1905376,960.6174708,1044.044404,1127.471337,1210.89827,1294.325203,1377.752137,1461.17907,1544.606003,1628.032936,1711.459869,1794.886802,2232.088525,2669.290249,3106.491972,3543.693695,3980.895418,4418.097141,4855.298864,5292.500588,5729.702311,6166.904034,6604.105757,7041.30748,7478.509203,7915.710927,8352.91265,7915.710927,7478.509203,7041.30748,6604.105757,6166.904034,5729.702311,5292.500588,4855.298864,4418.097141,3980.895418,3543.693695,3106.491972,2669.290249,2232.088525,1794.886802,1711.459869,1628.032936,1544.606003,1461.17907,1377.752137,1294.325203,1210.89827,1127.471337,1044.044404,960.6174708,877.1905376,793.7636045,710.3366713,626.9097382,543.482805,518.3989833,493.3151615,468.2313397,443.147518,418.0636962,392.9798744,367.8960526,342.8122309,317.7284091,292.6445873,267.5607656,242.4769438,217.393122,192.3093002,167.2254785
167.2254785,192.3093002,217.393122,242.4769438,267.5607656,292.6445873,317.7284091,342.8122309,367.8960526,392.9798744,418.0636962,443.147518,468.2313397,493.3151615,518.3989833,543.482805,635.9213334,728.3598618,820.7983902,913.2369186,1005.675447,1098.113975,1190.552504,1282.991032,1375.42956,1467.868089,1560.306617,1652.745146,1745.183674,1837.622202,1930.060731,2404.795283,2879.529836,3354.264389,3828.998942,4303.733495,4778.468047,5253.2026,5727.937153,6202.671706,6677.406259,7152.140811,7626.875364,8101.609917,8576.34447,9051.079022,8576.34447,8101.609917,7626.875364,7152.140811,6677.406259,6202.671706,5727.937153,5253.2026,4778.468047,4303.733495,3828.998942,3354.264389,2879.529836,2404.795283,1930.060731,1837.622202,1745.183674,1652.745146,1560.306617,1467.868089,1375.42956,1282.991032,1190.552504,1098.113975,1005.675447,913.2369186,820.7983902,728.3598618,635.9213334,543.482805,518.3989833,493.3151615,468.2313397,443.147518,418.0636962,392.9798744,367.8960526,342.8122309,317.7284091,292.6445873,267.5607656,242.4769438,217.393122,192.3093002,167.2254785
